name: module.linear_sigmoid_stack.2.weight, data: tensor([[ 9.0218e-01, -1.5259e+00, -2.0208e+00,  3.1250e+00, -2.7844e+00,
         -2.0340e+00,  5.2750e-01, -2.7471e+00,  3.4074e-01, -4.3965e-02,
         -7.5985e-01,  7.8679e-01,  1.9189e+00, -5.6380e-01, -3.0132e+00,
         -1.3808e+00, -2.3439e+00,  1.1865e+00, -1.1847e+00, -3.7226e-01,
          1.3717e-01,  1.8360e+00, -1.2360e+00, -6.7560e-01, -8.1793e-01,
         -1.1385e+00, -1.2367e-01,  1.0724e+00, -5.6221e-01, -1.1414e+00],
        [-1.8183e+00, -1.4583e+00, -2.9683e+00, -2.7812e-01, -9.7500e-01,
          1.8930e+00,  3.6741e-01,  2.4413e+00,  1.5695e-02,  4.5938e-01,
         -1.3916e+00, -1.0441e+00, -3.4107e-01, -3.2111e+00, -1.1321e+00,
          3.8358e+00,  6.1790e-01, -2.0534e+00, -1.7581e+00, -1.5696e+00,
          1.1925e+00,  1.1947e-01, -9.0897e-01, -2.2701e+00,  5.7950e-01,
         -1.3967e+00, -7.5811e-01, -1.3994e+00,  1.6983e+00, -1.6861e+00],
        [ 6.2217e-01,  9.9076e-01, -7.1676e-02,  7.6637e-01,  6.6027e-01,
          1.3826e+00,  1.1206e-01, -2.9309e+00, -1.0879e+00, -2.1427e-01,
         -1.1258e+00,  1.2772e+00, -3.4467e+00, -6.7638e-01,  9.8880e-01,
          5.7805e-01,  1.1729e-01, -4.8187e-01, -7.1135e-01,  4.7534e-01,
         -2.1116e-01, -2.8640e+00, -1.1411e+00,  5.4603e-01, -1.8173e+00,
         -3.3026e-01, -6.1581e-01, -1.3512e+00,  1.9220e+00,  2.0418e+00],
        [ 4.0859e-01,  1.3493e-01,  4.2090e-01, -2.2228e+00,  3.6182e-01,
         -6.4884e-01, -2.8836e-01,  1.3064e+00, -2.6220e+00, -1.0494e+00,
          6.9407e-01, -3.2183e+00, -9.9048e-01, -2.0418e+00, -5.0554e-01,
          1.3388e+00, -9.9389e-01, -1.0537e+00, -8.1160e-01, -2.0063e-01,
          4.5497e-01,  1.7205e+00,  1.0863e+00, -2.0506e+00, -2.2546e+00,
          2.8359e-01, -1.0412e+00,  1.3542e+00, -2.3292e+00,  5.0877e-01],
        [-8.9715e-01, -9.1701e-01,  2.7120e+00, -4.8021e-01, -9.1944e-01,
          2.0744e-01,  1.0131e+00,  7.2345e-01,  5.5443e-01, -3.3832e+00,
          1.2159e+00, -4.9548e-01,  1.2053e-01, -2.0426e+00, -1.5033e+00,
         -2.9394e+00,  5.9013e-01,  5.7585e-01, -1.2373e+00, -1.7217e+00,
         -2.4724e+00, -6.5613e-02, -1.2861e+00,  2.0973e+00,  1.8134e+00,
          1.9752e+00,  1.8155e+00,  3.8145e-01,  5.7350e-01,  8.4258e-01],
        [-1.5518e+00, -8.9560e-02, -1.8511e-02, -3.4342e+00,  1.8434e+00,
         -1.9117e+00, -8.8663e-01, -2.3953e+00, -1.7174e+00,  6.9365e-01,
         -7.5504e-01,  1.7706e+00,  7.3758e-01, -8.9042e-01,  2.3695e+00,
          5.6248e-01,  1.1178e+00, -4.8583e-02, -8.5842e-01, -7.9715e-01,
         -6.0260e-01,  2.3879e-01, -1.9936e+00,  5.3216e-01,  2.9025e-01,
         -7.1018e-01, -1.6974e+00,  1.6051e+00, -1.5965e-01, -2.3673e+00],
        [ 9.3861e-01,  1.3152e+00, -1.3782e+00, -7.3006e-01,  1.2882e+00,
          1.1894e-01, -2.8401e+00,  1.5981e+00,  1.2867e-01,  9.3310e-01,
         -4.7227e-01,  8.3959e-02,  5.7538e-01,  1.3441e+00, -6.5961e-01,
         -2.9445e+00, -1.4767e+00, -8.6028e-01, -1.2462e+00,  2.1952e+00,
          1.2093e+00,  1.5939e-01, -2.7323e+00, -1.4263e+00,  9.9701e-01,
         -2.7514e+00,  1.2411e-02, -1.5813e+00,  4.2882e-01, -3.0149e-01],
        [ 5.3062e-01,  1.2625e-01, -1.0333e+00, -7.6294e-01, -1.2339e-01,
         -1.0504e+00,  1.6914e+00,  4.2234e-01,  1.5690e+00,  2.6609e-01,
         -1.2645e+00, -1.5163e+00, -3.1248e-01,  1.6235e+00,  2.9850e-02,
          1.0106e+00,  5.8890e-01, -3.1570e-01, -9.6870e-01,  1.2561e+00,
         -4.3130e-01, -3.4723e+00,  2.0425e+00,  1.8519e+00,  1.4951e+00,
         -1.3619e+00,  1.0537e+00, -1.1973e+00, -3.0094e+00, -1.2421e+00],
        [ 2.8338e-01,  2.5116e-01,  4.7137e-01,  1.5843e+00,  9.4285e-01,
         -1.5118e+00, -2.5388e+00, -1.3700e+00, -2.2739e+00, -6.6224e-01,
          1.1823e+00, -2.5368e+00, -2.5203e-01,  8.0269e-01, -2.7079e-01,
         -3.8194e-01,  1.2593e+00,  1.5294e+00, -1.1982e+00, -2.3848e+00,
          6.4594e-01, -8.2515e-02,  8.3166e-01,  9.5438e-01,  7.3988e-02,
         -1.4840e+00, -1.8932e-01, -1.6627e+00,  9.1242e-01,  6.6360e-01],
        [-2.5065e+00, -9.0133e-01,  8.2085e-01,  1.4195e-01, -1.8793e+00,
          5.6922e-01, -5.5630e-01,  1.0106e+00,  6.7268e-01,  2.1256e-01,
         -1.5790e+00,  1.2994e+00,  1.7673e-01,  1.7925e+00,  5.6355e-01,
          1.0655e+00, -1.3081e+00, -2.4463e-01, -1.5017e+00,  3.2147e-03,
         -9.6785e-01,  9.2339e-01, -1.6904e+00, -1.3823e+00, -2.6980e+00,
         -5.5864e-01,  4.2047e-02, -2.1986e+00, -3.0270e+00,  8.8759e-01]],
       device='cuda:0')

       name: module.linear_sigmoid_stack.2.bias, data: tensor([-1.1707, -1.9508, -0.6401, -0.7371, -0.8920, -1.0176, -1.5421, -1.1697,
        -0.9842, -1.4825], device='cuda:0')

        name: module.linear_sigmoid_stack.0.bias, data: tensor([ 0.0747, -0.0411,  0.0343,  0.0395, -0.0605,  0.0800,  0.1093,  0.1466,
         0.0471,  0.0574, -0.0675,  0.0020,  0.1147, -0.0295, -0.0744,  0.0539,
        -0.0912, -0.0879,  0.0111,  0.1785, -0.0292,  0.1030, -0.0740, -0.0244,
        -0.0140,  0.1177, -0.0005, -0.0184,  0.0560,  0.0478], device='cuda:0')