Layer: module.linear_sigmoid_stack.0.weight
Shape: (30, 784)
Weights/Biases:
[[ 0.00199967 -0.02545051 -0.03838513 ... -0.00412029 -0.00320383
   0.01639163]
 [-0.00764671  0.00626832 -0.00600104 ... -0.05419897 -0.00025677
  -0.01282016]
 [ 0.02402521 -0.01383959  0.0018455  ...  0.01718747  0.02558319
  -0.00012416]
 ...
 [-0.00305007  0.0327078   0.01276608 ...  0.01958035  0.00251199
   0.02607592]
 [ 0.02532957  0.02106854 -0.01874353 ... -0.04030381 -0.01340286
  -0.00438178]
 [-0.03753117 -0.03440044 -0.0391056  ... -0.00978032 -0.06129303
  -0.06361505]]

Layer: module.linear_sigmoid_stack.0.bias
Shape: (30,)
Weights/Biases:
[ 0.06258188  0.05621961 -0.00413107 -0.03023225  0.02159915  0.06855305
 -0.09853021 -0.08279154 -0.13639875 -0.00880698 -0.0315194  -0.12158743
  0.03660985  0.02172748  0.05705092 -0.01588421  0.12000353 -0.06888913
 -0.12355774  0.03268286  0.17088215 -0.04498795 -0.07825552  0.06192136
  0.08874556 -0.0730622   0.05613326  0.02354772  0.04496699  0.0933345 ]

Layer: module.linear_sigmoid_stack.2.weight
Shape: (10, 30)
Weights/Biases:
[[ 1.3459153  -1.8267354  -0.76218987 -0.3528569  -2.1063147  -1.2573483
  -2.4451716   1.490708    1.7209344  -2.4909332   1.2964762  -2.4911647
   0.22446932  1.2672132  -1.5738002  -1.6865605   3.050919   -1.6827031
  -1.2652348   0.59830165 -1.2228898   0.03506341  0.9004335   0.49056643
  -0.5592749  -1.4232103  -2.3754296  -0.6794286   0.66183925 -1.895238  ]
 [-1.3164229   1.0334477   0.9823413  -2.306771   -2.3279283  -1.0335339
  -1.6210524   0.21459216 -2.8052619   1.0412762  -3.375445   -0.5743755
  -1.9585254   0.5096474  -2.0626395  -2.1318588   0.29014724  0.08648581
   0.30682334  1.0927224  -0.6504731   0.03724955 -0.31845886  0.13190968
   0.09085958 -3.5079021   1.0805746  -2.5464215   0.77079767  2.2391505 ]
 [ 0.76700294 -1.4636321   1.7455887   1.361806    0.9850612  -1.180084
  -1.2576177  -2.4221888   2.6267807   0.6845392  -0.70867836 -0.33205193
  -0.27729213 -1.8038011   0.4361654  -0.5336475  -2.3049438   0.12914301
  -0.31368855 -2.6272504  -0.7546821   0.25045165  0.69289285 -1.614631
  -0.72897667  1.3269649   0.811625   -1.8302826   0.8693404   1.867361  ]
 [-1.1252928   1.0005671  -1.7853135   0.5842305  -0.56830275 -0.58250815
   0.6611149  -1.6407263  -0.9069096  -1.4447337  -1.9465367  -1.6359712
  -1.0091418  -1.7462331  -0.22145565  0.44505444 -0.10016184 -2.6484487
   2.1299608   0.9379736   0.42932662 -0.711374   -1.4808446   1.4090556
  -2.2566288  -1.2636365  -1.0825938   1.7810829   0.13997087  1.164804  ]
 [-1.1942056  -0.02575001  0.9701737  -1.5135626   1.936149   -2.258664
   0.51161164  0.10447592 -2.0639927   0.0393304   1.8151813   0.60104966
   2.340777    0.7007761   2.011161    1.3872838   0.11806714 -1.0156878
   0.48421267 -0.07228929  1.4806597  -3.0236704   1.7648115  -0.3202531
  -2.7938402  -0.9803139  -0.09662438 -1.8779246   1.3045073  -3.0891864 ]
 [-1.6511034  -1.7843564   0.07259285  1.1545217   1.4393826  -0.35149583
   1.8403277   1.0563549   1.081726   -1.4414362  -1.5462902   2.4715416
  -1.519637    1.8428427  -1.602129   -0.33297428 -2.6334257  -1.6658427
  -0.9392673   0.00551302 -1.353051   -0.33433452 -1.9622673   0.858973
   0.0951779  -0.54318726 -1.5265441  -1.1498879  -0.96728736 -0.69502354]
 [ 1.0016649   0.31075707  1.9005165  -0.84996045 -1.754712   -1.1628042
  -1.1835092  -2.2825735  -2.088553   -0.3798328   1.6625162   0.845055
  -2.0125246  -0.5319935   0.9040473  -0.45240715 -0.3467386   1.1887499
  -2.648088   -0.21817864  0.04844178  1.4805727  -1.8167777   1.6904402
   0.37379238  1.4702426  -0.93630767  0.6204867  -2.2851     -2.4234688 ]
 [-1.8397036  -2.0704553  -2.6008558  -1.5655038  -0.40585634 -0.66838753
   1.5897529  -1.1281127  -1.0146929   0.15944757 -1.2962989  -0.02966234
   1.4263022   0.35567865 -2.0630045   0.57983184 -0.0551538   2.0124989
  -1.2843918   0.7697966   0.5844378  -1.2491043  -1.8734598  -2.3156352
   0.63761556  1.540174    0.4857177   0.43602616 -1.9179306   1.3690985 ]
 [-2.1450062  -0.09077471 -0.9632883   1.2659096   0.25233087 -0.7132693
  -1.7615833   1.2174494  -0.568024    0.92761266  0.22419505  1.0490767
  -1.1636877  -1.6792716  -0.19834651  1.7064195  -0.17533536  0.92322654
   1.7919532  -1.5206506  -0.6404323   1.645568    1.8683245  -0.9077582
  -0.58677626  0.6170141  -2.0687113  -0.7100724  -2.1070812  -1.5354127 ]
 [ 0.9014269   0.8369978  -1.2455804  -1.2171685   0.23246054 -0.20469826
   0.01939543  0.848106   -1.1176699  -1.5371367  -0.34011912 -0.36872208
  -0.16556373  0.11463381  0.89795226 -0.99191356  0.06543452 -2.0040822
  -1.4574891  -1.97081    -2.5150805  -1.1144943  -1.2616241  -2.335673
   1.0384804  -1.2492384   0.20761725  1.344372   -0.9603971   1.56655   ]]

Layer: module.linear_sigmoid_stack.2.bias
Shape: (10,)
Weights/Biases:
[-1.237701  -1.5001122 -0.8517247 -0.6773652 -1.2088763 -1.0262452
 -1.0417187 -1.0912257 -0.6771903 -0.9946554]

